404.484	827.522
416.735	843.114
428.969	862.222
441.186	892.349
453.388	943.811
465.573	979.6
477.743	996.948
489.894	1014.42
502.032	1021.48
514.153	1066.32
526.258	1086.36
538.347	1118.85
550.418	1159.77
562.475	1146.89
574.516	1153.17
586.542	1204.16
598.551	1230.62
610.544	1246.31
622.522	1316.35
634.484	1333.55
646.428	1357.91
658.359	1374.95
670.273	1394.34
682.172	1416.65
694.056	1444.22
705.924	1498.2
717.776	1521.9
729.613	1576.6
741.434	1599.56
753.238	1634.11
765.028	1640.64
776.803	1665.14
788.562	1687.88
800.306	1693.97
812.035	1735.69
823.747	1760.43
835.445	1818.2
847.128	1858.54
858.794	1893.25
870.446	1895.01
882.084	1917.94
893.706	1942.71
905.312	1957.9
916.904	1995.56
928.481	2011.01
940.041	2059.86
951.588	2126.31
963.119	2114.98
974.636	2124.15
986.137	2138.96
997.624	2138.41
1009.1	2173.83
1020.55	2210.29
1031.99	2248.5
1043.42	2287.29
1054.83	2309.19
1066.23	2306.13
1077.61	2348.68
1088.98	2332.73
1100.34	2380.84
1111.67	2439.52
1123	2474.82
1134.31	2505.01
1145.6	2531.76
1156.88	2545.95
1168.15	2567.56
1179.4	2551.96
1190.64	2531.85
1201.86	2534.28
1213.07	2550
1224.26	2573.14
1235.44	2606.26
1246.61	2668.32
1257.76	2741.9
1268.9	2780.97
1280.02	2846.63
1291.13	2922.52
1302.22	3012.42
1313.3	3165.17
1324.37	3421.59
1335.42	3766.35
1346.46	3974.99
1357.48	3811.98
1368.49	3501.74
1379.48	3213.1
1390.46	3042.94
1401.43	2938.72
1412.38	2860.06
1423.33	2799.65
1434.25	2762.81
1445.16	2749.29
1456.06	2777.86
1466.94	2820.63
1477.81	2853.56
1488.67	2883.5
1499.51	2908.02
1510.34	2925.45
1521.16	2926.62
1531.96	2934.97
1542.75	2940.2
1553.52	2999.49
1564.28	3241.72
1575.03	3707.02
1585.76	3855.65
1596.48	3525.41
1607.18	3378.84
1617.88	3341.13
1628.56	3150.71
1639.22	2889.42
1649.88	2795.28
1660.51	2734.19
1671.14	2696.72
1681.75	2661.36
1692.35	2653.45
1702.94	2643.3
1713.51	2648.23
1724.07	2683.84
1734.61	2710.22
1745.15	2733.99
1755.67	2741.52
1766.17	2742.35
1776.67	2728.26
1787.14	2696.29
1797.61	2688.34
1808.07	2665.86
1818.51	2658.97
1828.93	2643.85
1839.35	2663.36
1849.75	2655.46
1860.14	2695.75
1870.52	2719.06
1880.88	2731.06
1891.23	2742.24
1901.57	2762.46
1911.89	2760.06
1922.2	2750.67
1932.5	2744.23
1942.78	2756.43
1953.06	2739.05
1963.32	2736.18
1973.57	2732.8
1983.8	2764.54
1994.02	2761.41
2004.23	2781.33
2014.43	2816.36
2024.61	2831.64
2034.79	2827.23
2044.95	2843.16
2055.09	2876.12
2065.22	2885.75
2075.35	2899.04
2085.45	2914.34
2095.55	2910.79
2105.64	2907.23
2115.71	2886.67
2125.77	2884.41
2135.81	2884.18
2145.85	2906.94
2155.87	2914.75
2165.88	2920.87
2175.88	2920.5
2185.86	2964.63
2195.84	3012.24
2205.8	3015.12
2215.75	3054.32
2225.68	3073.46
2235.61	3132.65
2245.52	3121.96
2255.42	3134.45
2265.31	3122.58
2275.18	3152.67
2285.05	3159.95
2294.9	3151.16
2304.74	3168.72
2314.57	3220.73
2324.38	3219.95
2334.19	3279.58
2343.98	3334.33
2353.76	3356.29
2363.52	3397.58
2373.28	3413.83
2383.02	3426.76
2392.76	3463.89
2402.48	3474.69
2412.19	3465.47
2421.88	3473.61
2431.57	3510.32
2441.24	3517.86
2450.9	3543.77
2460.55	3585.17
2470.19	3608.68
2479.82	3648.37
2489.43	3636.64
2499.04	3705.61
2508.63	3696.44
2518.21	3719.16
2527.78	3720.33
2537.33	3764.11
2546.88	3743.64
2556.41	3765.92
2565.93	3799.49
2575.45	3813.43
2584.94	3881.6
2594.43	3893.28
2603.91	3944.05
2613.37	3978.84
2622.83	3974.4
2632.27	4061.43
2641.7	4073.25
2651.12	4134.53
2660.53	4180
2669.93	4186.22
2679.31	4268.3
2688.69	4305.58
2698.05	4349.8
2707.4	4331.93
2716.74	4338.7
2726.07	4289.91
2735.39	4230.13
2744.7	4192.19
2753.99	4104.36
2763.28	4063.52
2772.55	4017.62
2781.82	4000.93
2791.07	3953.61
2800.31	3945.22
2809.54	3925.57
2818.76	3934.54
2827.97	3963
2837.17	4017.66
2846.35	4041.32
2855.53	4094.23
2864.69	4114.84
2873.84	4171.94
2882.99	4203.72
2892.12	4219.91
2901.24	4229.02
2910.35	4237.07
2919.45	4254.97
2928.54	4229.96
2937.61	4267.46
2946.68	4237.42
2955.74	4245.73
2964.78	4259.21
2973.82	4250.2
2982.84	4276.75
2991.85	4290.71
3000.86	4319.83
3009.85	4334.89
3018.83	4337.26
3027.8	4335.76
3036.76	4387.8
3045.71	4402.86
3054.65	4387.61
3063.58	4374.86
3072.5	4419.43
3081.41	4395.85
3090.3	4413.83
3099.19	4427.04
3108.07	4528.92
3116.93	4540.77
3125.79	4619.69
3134.63	4671.89
3143.47	4782.18
3152.29	4853.95
3161.11	4908.18
3169.91	4995.43
3178.7	5024.88
3187.49	5099.58
3196.26	5134.25
3205.02	5170.76
3213.77	5209.05
3222.52	5228.03
3231.25	5299.86
3239.97	5410.57
3248.68	5422.5
3257.38	5429.25
3266.07	5532.06
3274.75	5653.04
3283.43	5716.87
3292.09	5817.61
3300.74	5887.09
3309.38	5963.62
3318.01	6020.71
3326.63	6073.56
3335.24	6131.91
3343.84	6214.71
3352.43	6204.73
3361.01	6235.19
3369.58	6281.26
3378.14	6377.95
3386.69	6406.06
3395.23	6476.23
3403.77	6549.33
3412.29	6656.44
3420.8	6727.18
3429.3	6811.53
3437.79	6901.29
3446.27	6976.18
3454.74	7047.71
3463.21	7040.36
3471.66	7128.26
3480.1	7153.86
3488.54	7168.42
3496.96	7172.76
