404.484	1386.52
416.735	1410.34
428.969	1430
441.186	1461.9
453.388	1509.81
465.573	1584.71
477.743	1607.39
489.894	1661.42
502.032	1750.92
514.153	2142.1
526.258	2089.91
538.347	1881.19
550.418	1881.99
562.475	1883.11
574.516	1875.5
586.542	1904.61
598.551	1978.17
610.544	2037.42
622.522	2089.8
634.484	2126.1
646.428	2163.8
658.359	2168.18
670.273	2193.45
682.172	2206.32
694.056	2257.34
705.924	2327.09
717.776	2405.57
729.613	2452.05
741.434	2475.34
753.238	2539.34
765.028	2561.86
776.803	2572.48
788.562	2609.88
800.306	2620.08
812.035	2636.8
823.747	2730.1
835.445	2779.31
847.128	2819.65
858.794	2884.03
870.446	2920.78
882.084	2942.49
893.706	2946.6
905.312	2975.12
916.904	3030
928.481	3084.79
940.041	3192.74
951.588	3227.09
963.119	3255.65
974.636	3258.82
986.137	3266.62
997.624	3255.41
1009.1	3286.6
1020.55	3336.51
1031.99	3381.16
1043.42	3399.18
1054.83	3449.75
1066.23	3460.46
1077.61	3469.79
1088.98	3499.73
1100.34	3490.84
1111.67	3577.63
1123	3640.71
1134.31	3701.24
1145.6	3772.87
1156.88	3764.39
1168.15	3780.78
1179.4	3766.4
1190.64	3758.96
1201.86	3720.27
1213.07	3728
1224.26	3781.03
1235.44	3829.93
1246.61	3924.98
1257.76	4003.01
1268.9	4071.42
1280.02	4141.63
1291.13	4181.19
1302.22	4324.86
1313.3	4474.73
1324.37	4714.59
1335.42	5082.68
1346.46	5282.77
1357.48	5165.09
1368.49	4813.85
1379.48	4548.66
1390.46	4364.83
1401.43	4236.72
1412.38	4143.72
1423.33	4061.76
1434.25	4019.81
1445.16	4020.63
1456.06	4057.86
1466.94	4089.07
1477.81	4154.78
1488.67	4158.72
1499.51	4242.24
1510.34	4214.12
1521.16	4258.4
1531.96	4228.53
1542.75	4249.98
1553.52	4305.15
1564.28	4468.05
1575.03	4770.8
1585.76	4980.43
1596.48	4808.41
1607.18	4736.29
1617.88	4682.57
1628.56	4453.26
1639.22	4173.76
1649.88	4085.95
1660.51	3991.86
1671.14	3907.83
1681.75	3832.81
1692.35	3856.79
1702.94	3847.85
1713.51	3850.67
1724.07	3911.73
1734.61	3924.11
1745.15	3971.88
1755.67	3958.07
1766.17	3981.36
1776.67	3995.15
1787.14	3939.06
1797.61	3889.9
1808.07	3901.75
1818.51	3866.19
1828.93	3872.63
1839.35	3877.14
1849.75	3934.24
1860.14	3954.42
1870.52	3980.5
1880.88	4026.17
1891.23	4063.58
1901.57	4030.46
1911.89	4071.73
1922.2	4051.45
1932.5	4064.23
1942.78	4039.1
1953.06	4018.82
1963.32	4050.18
1973.57	4053.36
1983.8	4066.43
1994.02	4101.85
2004.23	4125.22
2014.43	4168.47
2024.61	4168.42
2034.79	4230.01
2044.95	4245.16
2055.09	4267.34
2065.22	4295.97
2075.35	4308.26
2085.45	4325.79
2095.55	4307.9
2105.64	4322.67
2115.71	4312.56
2125.77	4333.86
2135.81	4314.07
2145.85	4321.61
2155.87	4348.53
2165.88	4373.76
2175.88	4367.05
2185.86	4434.63
2195.84	4471.68
2205.8	4515.23
2215.75	4573.21
2225.68	4622.57
2235.61	4648.43
2245.52	4699.07
2255.42	4718
2265.31	4706.02
2275.18	4708.34
2285.05	4710.84
2294.9	4749.6
2304.74	4780.84
2314.57	4822.96
2324.38	4873.5
2334.19	4910.14
2343.98	5003.77
2353.76	5075.29
2363.52	5085.91
2373.28	5173.94
2383.02	5161.65
2392.76	5191.78
2402.48	5192.69
2412.19	5190.25
2421.88	5233.83
2431.57	5252.1
2441.24	5309.75
2450.9	5367.55
2460.55	5381.51
2470.19	5423.68
2479.82	5474.37
2489.43	5521.64
2499.04	5543.72
2508.63	5571.11
2518.21	5573.94
2527.78	5589.99
2537.33	5622.89
2546.88	5629.09
2556.41	5670.81
2565.93	5674.38
2575.45	5721.76
2584.94	5778.38
2594.43	5849.06
2603.91	5881.05
2613.37	5934.07
2622.83	5953.52
2632.27	6009.21
2641.7	6042.14
2651.12	6044.97
2660.53	6087.23
2669.93	6101.99
2679.31	6122.74
2688.69	6130.46
2698.05	6160.36
2707.4	6196.04
2716.74	6152.81
2726.07	6132.57
2735.39	6134.02
2744.7	6091.41
2753.99	6023.36
2763.28	6007.63
2772.55	5991.62
2781.82	5965.04
2791.07	5910.94
2800.31	5874.88
2809.54	5864.34
2818.76	5847.65
2827.97	5924.89
2837.17	5964.21
2846.35	6013.32
2855.53	6061.34
2864.69	6087.17
2873.84	6146.38
2882.99	6200.49
2892.12	6203.13
2901.24	6235.47
2910.35	6273.74
2919.45	6199.3
2928.54	6252.18
2937.61	6230.69
2946.68	6235.09
2955.74	6211.51
2964.78	6240.99
2973.82	6239.87
2982.84	6260.52
2991.85	6282.27
3000.86	6331.05
3009.85	6378.22
3018.83	6430.48
3027.8	6425.32
3036.76	6421.57
3045.71	6446.75
3054.65	6443.95
3063.58	6409.64
3072.5	6424.98
3081.41	6456.52
3090.3	6468.39
3099.19	6529.26
3108.07	6609.36
3116.93	6655.33
3125.79	6759.36
3134.63	6846.44
3143.47	6960.29
3152.29	7091.95
3161.11	7209.51
3169.91	7262.21
3178.7	7361.99
3187.49	7438.92
3196.26	7453.02
3205.02	7475.21
3213.77	7520.94
3222.52	7614.7
3231.25	7663.3
3239.97	7741.79
3248.68	7856.72
3257.38	7941.8
3266.07	8045.95
3274.75	8145.26
3283.43	8285.75
3292.09	8410.39
3300.74	8480.87
3309.38	8621.18
3318.01	8722.94
3326.63	8745.67
3335.24	8843.58
3343.84	8939.05
3352.43	8956.17
3361.01	9005.08
3369.58	9092.48
3378.14	9133.73
3386.69	9236.17
3395.23	9363.79
3403.77	9419.55
3412.29	9548.1
3420.8	9658.18
3429.3	9792.42
3437.79	9896.73
3446.27	9977.06
3454.74	10114.4
3463.21	10135.3
3471.66	10221
3480.1	10240.1
3488.54	10274.4
3496.96	10318
