404.484	25.6329
416.735	28.8917
428.969	30.3333
441.186	29.2381
453.388	27.4774
465.573	22.8227
477.743	31.8369
489.894	48.4225
502.032	167.033
514.153	966.652
526.258	833.802
538.347	250.296
550.418	141.993
562.475	108.446
574.516	92.6143
586.542	82.3837
598.551	95.7292
610.544	112.087
622.522	117.906
634.484	118.104
646.428	112.356
658.359	110.842
670.273	106.454
682.172	103.764
694.056	99.7804
705.924	107.199
717.776	107.343
729.613	114.824
741.434	133.005
753.238	123.226
765.028	126.747
776.803	127.699
788.562	135.875
800.306	120.301
812.035	130.582
823.747	133.097
835.445	138.088
847.128	141.759
858.794	142.697
870.446	142.783
882.084	150.05
893.706	153.706
905.312	156.68
916.904	179.56
928.481	223.232
940.041	296.189
951.588	311.198
963.119	320.871
974.636	331.594
986.137	309.513
997.624	262.413
1009.1	267.381
1020.55	262.397
1031.99	269.384
1043.42	280.508
1054.83	286.08
1066.23	301.574
1077.61	313.351
1088.98	321.397
1100.34	332.511
1111.67	351.74
1123	373.597
1134.31	398.237
1145.6	405.538
1156.88	425.057
1168.15	440.005
1179.4	453.291
1190.64	471.958
1201.86	494.608
1213.07	513.219
1224.26	566.47
1235.44	630.598
1246.61	709.76
1257.76	797.341
1268.9	906.308
1280.02	1025.52
1291.13	1168.97
1302.22	1404.08
1313.3	1659.4
1324.37	1952.48
1335.42	2260.01
1346.46	2433.77
1357.48	2430.09
1368.49	2248.18
1379.48	2008.1
1390.46	1771.16
1401.43	1553.39
1412.38	1362.28
1423.33	1221.87
1434.25	1120.81
1445.16	1042.96
1456.06	1013.75
1466.94	989.852
1477.81	1005.89
1488.67	1001.61
1499.51	1021.02
1510.34	1028
1521.16	1071.62
1531.96	1164.86
1542.75	1290.98
1553.52	1488.93
1564.28	1731.94
1575.03	1938.58
1585.76	2122.21
1596.48	2225.29
1607.18	2176.4
1617.88	1954.24
1628.56	1495.71
1639.22	957.647
1649.88	676.725
1660.51	564.079
1671.14	519.159
1681.75	488.805
1692.35	461.12
1702.94	445.409
1713.51	441.893
1724.07	437.283
1734.61	456.447
1745.15	453.329
1755.67	453.851
1766.17	436.689
1776.67	435.486
1787.14	422.509
1797.61	411.784
1808.07	387.53
1818.51	400.304
1828.93	393.077
1839.35	387.585
1849.75	398.347
1860.14	392.974
1870.52	402.278
1880.88	394.722
1891.23	395.356
1901.57	406.13
1911.89	403.281
1922.2	395.784
1932.5	397.457
1942.78	389.318
1953.06	395.713
1963.32	398.844
1973.57	398.246
1983.8	396.766
1994.02	397.632
2004.23	403.549
2014.43	401.362
2024.61	425.866
2034.79	424.23
2044.95	423.048
2055.09	421.783
2065.22	418.969
2075.35	424.038
2085.45	422.567
2095.55	423.676
2105.64	431.337
2115.71	414.673
2125.77	419.745
2135.81	413.955
2145.85	414.274
2155.87	405.528
2165.88	410.316
2175.88	426.942
2185.86	428.626
2195.84	426.791
2205.8	449.671
2215.75	452.325
2225.68	461.012
2235.61	464.65
2245.52	471.067
2255.42	481.557
2265.31	482.468
2275.18	484.118
2285.05	485.729
2294.9	493.382
2304.74	499.613
2314.57	504.733
2324.38	535.168
2334.19	523.695
2343.98	544.772
2353.76	552.621
2363.52	558.466
2373.28	581.27
2383.02	599.982
2392.76	586.895
2402.48	605.581
2412.19	605.58
2421.88	607.721
2431.57	628.099
2441.24	632.75
2450.9	650.212
2460.55	657.618
2470.19	671.682
2479.82	691.372
2489.43	705.528
2499.04	719.609
2508.63	731.441
2518.21	750.719
2527.78	768.437
2537.33	767.329
2546.88	787.198
2556.41	813.808
2565.93	818.6
2575.45	850.431
2584.94	880.711
2594.43	907.725
2603.91	948.608
2613.37	962.178
2622.83	988.96
2632.27	1035.43
2641.7	1059.69
2651.12	1086.19
2660.53	1100.45
2669.93	1132.33
2679.31	1156.52
2688.69	1189.35
2698.05	1201.25
2707.4	1212.93
2716.74	1213.26
2726.07	1205.46
2735.39	1210.13
2744.7	1193.63
2753.99	1174.92
2763.28	1157.18
2772.55	1142.73
2781.82	1150.15
2791.07	1141.39
2800.31	1140.77
2809.54	1134.12
2818.76	1137.87
2827.97	1162.89
2837.17	1190.99
2846.35	1226.09
2855.53	1233.45
2864.69	1249.39
2873.84	1303.83
2882.99	1330.27
2892.12	1366.8
2901.24	1413.35
2910.35	1415.74
2919.45	1429.97
2928.54	1455.63
2937.61	1456.35
2946.68	1448.09
2955.74	1457.95
2964.78	1440.43
2973.82	1404.87
2982.84	1382.52
2991.85	1368.38
3000.86	1352.61
3009.85	1322.11
3018.83	1310.59
3027.8	1290.99
3036.76	1270.02
3045.71	1259.75
3054.65	1255.5
3063.58	1253.64
3072.5	1236.43
3081.41	1223.52
3090.3	1231.39
3099.19	1228.15
3108.07	1270.81
3116.93	1272.1
3125.79	1295.36
3134.63	1329.67
3143.47	1352.51
3152.29	1397.95
3161.11	1419.62
3169.91	1435.54
3178.7	1453.21
3187.49	1472.69
3196.26	1474.8
3205.02	1473.54
3213.77	1473.05
3222.52	1455.25
3231.25	1449.41
3239.97	1423.79
3248.68	1444.61
3257.38	1466.92
3266.07	1456.95
3274.75	1461.15
3283.43	1475.31
3292.09	1511.28
3300.74	1515.43
3309.38	1547.62
3318.01	1562.94
3326.63	1580.33
3335.24	1587.36
3343.84	1594.71
3352.43	1618.06
3361.01	1637.19
3369.58	1647.04
3378.14	1646.95
3386.69	1680.28
3395.23	1684.23
3403.77	1726.77
3412.29	1760.11
3420.8	1776.4
3429.3	1800.31
3437.79	1824.29
3446.27	1838.62
3454.74	1862.82
3463.21	1879.47
3471.66	1913.82
3480.1	1924.3
3488.54	1908.76
3496.96	1929.87
