404.484	-143.367
416.735	-141.553
428.969	-133
441.186	-130.984
453.388	-126.411
465.573	-123.288
477.743	-124.274
489.894	-133.911
502.032	-129.856
514.153	-135.236
526.258	-127.198
538.347	-129.037
550.418	-122.785
562.475	-123.888
574.516	-123.719
586.542	-118.061
598.551	-112.826
610.544	-109.58
622.522	-107.427
634.484	-97.1183
646.428	-102.644
658.359	-97.6028
670.273	-100.324
682.172	-98.3469
694.056	-91.5529
705.924	-92.8009
717.776	-79.1014
729.613	-83.8427
741.434	-79.8836
753.238	-78.552
765.028	-72.2532
776.803	-81.1901
788.562	-80.1247
800.306	-81.3658
812.035	-80.1963
823.747	-69.5698
835.445	-68.3568
847.128	-64.1297
858.794	-62.1919
870.446	-62.9948
882.084	-56.9503
893.706	-55.1826
905.312	-54.6531
916.904	-45.5509
928.481	-42.3236
940.041	-34.6997
951.588	-30.3575
963.119	-31.9064
974.636	-26.4058
986.137	-21.1534
997.624	-9.1424
1009.1	-4.72982
1020.55	-0.492336
1031.99	6.38408
1043.42	11.5082
1054.83	11.6358
1066.23	23.7959
1077.61	23.0172
1088.98	32.9526
1100.34	41.1779
1111.67	55.7398
1123	60.2632
1134.31	67.7924
1145.6	85.8714
1156.88	94.1683
1168.15	97.6715
1179.4	102.847
1190.64	111.069
1201.86	125.942
1213.07	133.552
1224.26	170.026
1235.44	198.265
1246.61	243.316
1257.76	276.23
1268.9	337.974
1280.02	414.074
1291.13	509.965
1302.22	612.305
1313.3	790.73
1324.37	948.479
1335.42	1104.9
1346.46	1184.88
1357.48	1096.31
1368.49	937.736
1379.48	773.992
1390.46	652.385
1401.43	550.832
1412.38	470.278
1423.33	418.868
1434.25	383.584
1445.16	355.958
1456.06	357.969
1466.94	361.296
1477.81	358.45
1488.67	375.614
1499.51	385.462
1510.34	401.56
1521.16	426.068
1531.96	477.859
1542.75	564.868
1553.52	641.819
1564.28	774.052
1575.03	916.243
1585.76	967.318
1596.48	946.072
1607.18	843.621
1617.88	668.574
1628.56	439.041
1639.22	258.98
1649.88	178.503
1660.51	147.968
1671.14	130.382
1681.75	116.583
1692.35	116.897
1702.94	113.742
1713.51	115.004
1724.07	118.838
1734.61	112.558
1745.15	109.44
1755.67	116.629
1766.17	107.466
1776.67	111.264
1787.14	108.731
1797.61	96.673
1808.07	93.0855
1818.51	88.1929
1828.93	91.7434
1839.35	87.3623
1849.75	95.6799
1860.14	96.6407
1870.52	105.612
1880.88	106.389
1891.23	111.022
1901.57	111.352
1911.89	107.726
1922.2	108.895
1932.5	105.346
1942.78	115.651
1953.06	101.935
1963.32	110.066
1973.57	115.246
1983.8	108.543
1994.02	109.743
2004.23	116.661
2014.43	112.362
2024.61	123.978
2034.79	131.008
2044.95	118.271
2055.09	135.228
2065.22	127.413
2075.35	138.705
2085.45	138.456
2095.55	131.676
2105.64	150.115
2115.71	149.451
2125.77	144.856
2135.81	153.066
2145.85	135.941
2155.87	147.194
2165.88	145.428
2175.88	146.053
2185.86	152.515
2195.84	162.235
2205.8	162.782
2215.75	171.991
2225.68	179.678
2235.61	184.316
2245.52	187.067
2255.42	195.89
2265.31	190.69
2275.18	199.34
2285.05	194.729
2294.9	203.16
2304.74	201.391
2314.57	211.955
2324.38	231.057
2334.19	231.473
2343.98	238.772
2353.76	249.843
2363.52	259.688
2373.28	259.381
2383.02	276.204
2392.76	284.339
2402.48	285.47
2412.19	300.246
2421.88	294.499
2431.57	310.21
2441.24	316.084
2450.9	325.879
2460.55	331.729
2470.19	335.126
2479.82	350.817
2489.43	367.973
2499.04	392.942
2508.63	387.774
2518.21	389.275
2527.78	412.548
2537.33	421.218
2546.88	425.42
2556.41	436.474
2565.93	450.267
2575.45	484.764
2584.94	496.488
2594.43	516.392
2603.91	536.275
2613.37	563.178
2622.83	573.516
2632.27	604.433
2641.7	635.914
2651.12	650.637
2660.53	685.227
2669.93	698.106
2679.31	722.966
2688.69	723.242
2698.05	753.025
2707.4	749.595
2716.74	732.812
2726.07	737.683
2735.39	730.467
2744.7	713.853
2753.99	700.026
2763.28	690.406
2772.55	675.289
2781.82	672.595
2791.07	674.609
2800.31	679.439
2809.54	689.9
2818.76	687.873
2827.97	703.781
2837.17	721.212
2846.35	737.093
2855.53	768.116
2864.69	790.172
2873.84	809.382
2882.99	840.716
2892.12	855.91
2901.24	876.133
2910.35	897.072
2919.45	908.526
2928.54	919.514
2937.61	919.686
2946.68	918.979
2955.74	900.95
2964.78	889.101
2973.82	880.426
2982.84	863.857
2991.85	845.489
3000.86	845.609
3009.85	837.669
3018.83	835.703
3027.8	809.43
3036.76	814.24
3045.71	810.973
3054.65	804.169
3063.58	794.528
3072.5	801.318
3081.41	810.964
3090.3	802.61
3099.19	827.487
3108.07	840.585
3116.93	852.105
3125.79	876.027
3134.63	893.111
3143.47	920.288
3152.29	939.281
3161.11	966.621
3169.91	986.765
3178.7	982.103
3187.49	987.028
3196.26	999.024
3205.02	1001.65
3213.77	1006.28
3222.52	1010.92
3231.25	1007.3
3239.97	1012.35
3248.68	1014.72
3257.38	1029.58
3266.07	1034.4
3274.75	1055.49
3283.43	1057.87
3292.09	1074.94
3300.74	1093.87
3309.38	1112.18
3318.01	1128.05
3326.63	1136.89
3335.24	1169.47
3343.84	1184.38
3352.43	1184.51
3361.01	1199.96
3369.58	1217.37
3378.14	1242.06
3386.69	1255.28
3395.23	1262.45
3403.77	1290.88
3412.29	1304.88
3420.8	1333.84
3429.3	1358.31
3437.79	1364.29
3446.27	1409.4
3454.74	1410.49
3463.21	1416.81
3471.66	1452.6
3480.1	1449.52
3488.54	1471.87
3496.96	1457.87
