404.484	33.1885
416.735	35.4472
428.969	41.7777
441.186	39.127
453.388	55.6997
465.573	55.6005
477.743	59.8369
489.894	53.4225
502.032	52.255
514.153	112.541
526.258	116.025
538.347	71.4074
550.418	62.9926
562.475	63.0013
574.516	61.8366
586.542	67.4948
598.551	81.1736
610.544	88.3093
622.522	91.462
634.484	102.215
646.428	102.022
658.359	102.731
670.273	110.232
682.172	101.32
694.056	109.669
705.924	114.977
717.776	117.676
729.613	132.491
741.434	129.227
753.238	141.67
765.028	144.636
776.803	149.477
788.562	139.653
800.306	134.856
812.035	143.915
823.747	146.652
835.445	157.532
847.128	163.093
858.794	163.919
870.446	172.005
882.084	165.272
893.706	177.595
905.312	189.458
916.904	198.227
928.481	223.899
940.041	233.411
951.588	255.976
963.119	260.649
974.636	261.372
986.137	281.291
997.624	288.191
1009.1	301.937
1020.55	317.619
1031.99	333.273
1043.42	359.286
1054.83	381.08
1066.23	383.685
1077.61	409.017
1088.98	425.73
1100.34	452.178
1111.67	463.518
1123	507.708
1134.31	505.904
1145.6	545.649
1156.88	579.168
1168.15	607.783
1179.4	628.402
1190.64	652.958
1201.86	673.275
1213.07	729.107
1224.26	781.47
1235.44	904.709
1246.61	999.316
1257.76	1150.9
1268.9	1302.53
1280.02	1497.63
1291.13	1768.41
1302.22	2119.42
1313.3	2551.51
1324.37	3077.03
1335.42	3589.79
1346.46	3915.44
1357.48	3862.87
1368.49	3430.62
1379.48	2921.66
1390.46	2470.94
1401.43	2103.17
1412.38	1867.72
1423.33	1630.53
1434.25	1480.25
1445.16	1396.96
1456.06	1341.41
1466.94	1321.07
1477.81	1347.45
1488.67	1370.28
1499.51	1403.13
1510.34	1424.23
1521.16	1481.51
1531.96	1594.41
1542.75	1774.98
1553.52	2091.15
1564.28	2400.05
1575.03	2779.91
1585.76	3165.54
1596.48	3345.18
1607.18	3228.62
1617.88	2872.8
1628.56	2134.82
1639.22	1319.42
1649.88	901.725
1660.51	752.412
1671.14	676.271
1681.75	634.583
1692.35	601.342
1702.94	562.853
1713.51	562.671
1724.07	573.394
1734.61	567.447
1745.15	575.884
1755.67	570.74
1766.17	546.911
1776.67	551.597
1787.14	530.843
1797.61	525.229
1808.07	506.197
1818.51	492.526
1828.93	499.41
1839.35	475.029
1849.75	483.458
1860.14	498.974
1870.52	510.278
1880.88	498.611
1891.23	498.356
1901.57	497.13
1911.89	506.392
1922.2	496.451
1932.5	500.568
1942.78	479.096
1953.06	491.269
1963.32	492.844
1973.57	480.246
1983.8	484.21
1994.02	504.409
2004.23	495.661
2014.43	498.918
2024.61	510.533
2034.79	513.008
2044.95	510.604
2055.09	538.561
2065.22	519.858
2075.35	512.149
2085.45	527.012
2095.55	522.898
2105.64	515.56
2115.71	523.117
2125.77	521.745
2135.81	512.622
2145.85	518.274
2155.87	509.194
2165.88	511.428
2175.88	519.386
2185.86	530.404
2195.84	542.013
2205.8	547.449
2215.75	556.547
2225.68	575.012
2235.61	570.094
2245.52	588.734
2255.42	587.001
2265.31	590.246
2275.18	582.674
2285.05	587.063
2294.9	593.605
2304.74	611.836
2314.57	625.289
2324.38	635.835
2334.19	657.806
2343.98	665.772
2353.76	686.287
2363.52	696.133
2373.28	710.27
2383.02	714.315
2392.76	737.895
2402.48	745.359
2412.19	751.691
2421.88	753.277
2431.57	774.21
2441.24	779.306
2450.9	800.545
2460.55	823.952
2470.19	834.571
2479.82	870.483
2489.43	872.639
2499.04	904.275
2508.63	925.107
2518.21	949.608
2527.78	955.104
2537.33	970.218
2546.88	1000.75
2556.41	1040.47
2565.93	1046.38
2575.45	1087.99
2584.94	1126.27
2594.43	1155.06
2603.91	1216.83
2613.37	1252.96
2622.83	1295.74
2632.27	1358.54
2641.7	1393.69
2651.12	1424.53
2660.53	1487.67
2669.93	1515.22
2679.31	1546.19
2688.69	1568.13
2698.05	1618.25
2707.4	1618.26
2716.74	1606.92
2726.07	1587.46
2735.39	1562.13
2744.7	1555.41
2753.99	1522.25
2763.28	1503.52
2772.55	1497.84
2781.82	1484.48
2791.07	1461.5
2800.31	1468.55
2809.54	1460.34
2818.76	1468.1
2827.97	1502
2837.17	1534.99
2846.35	1562.43
2855.53	1606.56
2864.69	1654.17
2873.84	1695.49
2882.99	1750.94
2892.12	1801.47
2901.24	1836.91
2910.35	1898.41
2919.45	1927.64
2928.54	1938.74
2937.61	1950.91
2946.68	1934.76
2955.74	1914.95
2964.78	1862.21
2973.82	1850.09
2982.84	1787.3
2991.85	1756.16
3000.86	1691.72
3009.85	1679.56
3018.83	1656.59
3027.8	1630.65
3036.76	1615.24
3045.71	1583.86
3054.65	1571.72
3063.58	1559.42
3072.5	1536.54
3081.41	1528.19
3090.3	1559.83
3099.19	1571.49
3108.07	1589.92
3116.93	1584.55
3125.79	1617.92
3134.63	1669.89
3143.47	1686.84
3152.29	1732.73
3161.11	1758.73
3169.91	1814.54
3178.7	1835.88
3187.49	1848.25
3196.26	1853.58
3205.02	1839.99
3213.77	1816.72
3222.52	1814.14
3231.25	1799.97
3239.97	1797.9
3248.68	1774.72
3257.38	1765.14
3266.07	1775.73
3274.75	1786.26
3283.43	1798.76
3292.09	1819.83
3300.74	1844.09
3309.38	1868.4
3318.01	1896.16
3326.63	1917.89
3335.24	1919.03
3343.84	1919.6
3352.43	1941.51
3361.01	1971.74
3369.58	1970.37
3378.14	2006.62
3386.69	2006.51
3395.23	2055.56
3403.77	2074.66
3412.29	2111.11
3420.8	2140.95
3429.3	2166.31
3437.79	2208.06
3446.27	2214.4
3454.74	2244.82
3463.21	2256.47
3471.66	2296.71
3480.1	2299.3
3488.54	2326.42
3496.96	2330.43
