404.484	22.8551
416.735	19.6694
428.969	18.4444
441.186	29.3492
453.388	31.4774
465.573	37.9338
477.743	31.3924
489.894	41.7559
502.032	33.4772
514.153	46.6524
526.258	51.9135
538.347	36.0741
550.418	38.9926
562.475	50.3346
574.516	36.8366
586.542	48.717
598.551	55.8403
610.544	59.6426
622.522	70.0175
634.484	81.8817
646.428	95.9111
658.359	86.2861
670.273	85.1205
682.172	84.6531
694.056	72.8915
705.924	94.6435
717.776	103.676
729.613	102.935
741.434	119.339
753.238	122.226
765.028	131.302
776.803	122.699
788.562	122.764
800.306	115.523
812.035	130.359
823.747	125.875
835.445	140.977
847.128	142.426
858.794	140.141
870.446	153.005
882.084	157.05
893.706	157.04
905.312	170.902
916.904	174.005
928.481	182.899
940.041	209.523
951.588	220.531
963.119	222.538
974.636	244.816
986.137	245.958
997.624	261.413
1009.1	282.715
1020.55	298.952
1031.99	308.273
1043.42	324.286
1054.83	358.969
1066.23	357.351
1077.61	378.017
1088.98	392.619
1100.34	416.845
1111.67	434.406
1123	461.485
1134.31	499.015
1145.6	504.871
1156.88	535.613
1168.15	571.894
1179.4	582.513
1190.64	602.069
1201.86	624.386
1213.07	681.996
1224.26	739.248
1235.44	819.709
1246.61	946.094
1257.76	1060.9
1268.9	1233.31
1280.02	1413.74
1291.13	1667.52
1302.22	1991.75
1313.3	2397.73
1324.37	2898.59
1335.42	3411.57
1346.46	3664.99
1357.48	3562.87
1368.49	3160.07
1379.48	2654.1
1390.46	2254.61
1401.43	1944.5
1412.38	1700.17
1423.33	1498.31
1434.25	1356.92
1445.16	1282.96
1456.06	1211.86
1466.94	1222.19
1477.81	1220.34
1488.67	1249.39
1499.51	1283.8
1510.34	1321
1521.16	1378.73
1531.96	1492.3
1542.75	1646.09
1553.52	1925.26
1564.28	2234.83
1575.03	2607.02
1585.76	2944.87
1596.48	3081.74
1607.18	2948.07
1617.88	2602.13
1628.56	1895.04
1639.22	1191.65
1649.88	817.059
1660.51	663.412
1671.14	623.382
1681.75	567.694
1692.35	547.231
1702.94	524.631
1713.51	513.782
1724.07	524.616
1734.61	541.225
1745.15	535.106
1755.67	528.185
1766.17	496.689
1776.67	496.597
1787.14	494.509
1797.61	462.34
1808.07	468.308
1818.51	450.304
1828.93	454.743
1839.35	437.918
1849.75	456.235
1860.14	443.418
1870.52	454.278
1880.88	451.944
1891.23	449.689
1901.57	456.685
1911.89	453.059
1922.2	446.117
1932.5	448.901
1942.78	442.651
1953.06	443.602
1963.32	442.288
1973.57	440.024
1983.8	455.432
1994.02	455.854
2004.23	460.216
2014.43	448.696
2024.61	453.089
2034.79	460.452
2044.95	466.715
2055.09	478.672
2065.22	485.413
2075.35	475.927
2085.45	471.567
2095.55	470.787
2105.64	478.56
2115.71	471.784
2125.77	467.523
2135.81	470.288
2145.85	474.385
2155.87	466.417
2165.88	472.761
2175.88	472.053
2185.86	488.182
2195.84	496.569
2205.8	508.338
2215.75	500.547
2225.68	525.123
2235.61	527.427
2245.52	538.067
2255.42	537.223
2265.31	549.357
2275.18	539.34
2285.05	548.84
2294.9	548.16
2304.74	563.724
2314.57	567.178
2324.38	583.28
2334.19	580.473
2343.98	622.439
2353.76	635.287
2363.52	634.244
2373.28	654.603
2383.02	661.204
2392.76	679.117
2402.48	675.137
2412.19	688.691
2421.88	696.499
2431.57	714.766
2441.24	718.084
2450.9	734.768
2460.55	753.729
2470.19	783.571
2479.82	792.039
2489.43	807.084
2499.04	827.164
2508.63	841.107
2518.21	850.386
2527.78	867.104
2537.33	895.996
2546.88	911.754
2556.41	944.919
2565.93	949.267
2575.45	992.764
2584.94	1043.16
2594.43	1054.61
2603.91	1109.39
2613.37	1147.85
2622.83	1188.4
2632.27	1240.32
2641.7	1270.91
2651.12	1301.53
2660.53	1355.67
2669.93	1370.55
2679.31	1414.52
2688.69	1434.02
2698.05	1469.36
2707.4	1470.93
2716.74	1458.59
2726.07	1447.13
2735.39	1415.24
2744.7	1390.74
2753.99	1378.58
2763.28	1359.41
2772.55	1315.07
2781.82	1328.59
2791.07	1308.16
2800.31	1328.55
2809.54	1322.34
2818.76	1323.65
2827.97	1344.56
2837.17	1383.32
2846.35	1427.32
2855.53	1446.23
2864.69	1485.84
2873.84	1520.83
2882.99	1590.72
2892.12	1620.02
2901.24	1660.24
2910.35	1700.85
2919.45	1703.97
2928.54	1723.74
2937.61	1745.91
2946.68	1738.42
2955.74	1711.62
2964.78	1674.32
2973.82	1631.65
2982.84	1596.75
2991.85	1558.82
3000.86	1547.83
3009.85	1502.22
3018.83	1472.48
3027.8	1464.1
3036.76	1428.91
3045.71	1408.75
3054.65	1393.84
3063.58	1395.64
3072.5	1385.21
3081.41	1402.74
3090.3	1382.94
3099.19	1395.93
3108.07	1422.03
3116.93	1421.99
3125.79	1456.47
3134.63	1499
3143.47	1522.4
3152.29	1559.84
3161.11	1593.51
3169.91	1604.88
3178.7	1621.66
3187.49	1656.69
3196.26	1643.8
3205.02	1655.43
3213.77	1647.61
3222.52	1635.03
3231.25	1611.75
3239.97	1611.79
3248.68	1626.28
3257.38	1602.25
3266.07	1602.73
3274.75	1603.26
3283.43	1632.2
3292.09	1644.83
3300.74	1655.65
3309.38	1684.4
3318.01	1708.6
3326.63	1708.44
3335.24	1725.58
3343.84	1738.27
3352.43	1752.73
3361.01	1753.74
3369.58	1797.59
3378.14	1808.06
3386.69	1844.28
3395.23	1845.01
3403.77	1848.1
3412.29	1874.66
3420.8	1954.18
3429.3	1941.86
3437.79	2008.84
3446.27	2011.29
3454.74	2026.6
3463.21	2034.69
3471.66	2060.6
3480.1	2073.41
3488.54	2066.09
3496.96	2085.76
