404.484	127.411
416.735	121.558
428.969	135
441.186	135.571
453.388	140.811
465.573	142.489
477.743	151.059
489.894	144.423
502.032	192.366
514.153	454.652
526.258	415.691
538.347	214.185
550.418	179.548
562.475	171.223
574.516	165.725
586.542	166.717
598.551	184.174
610.544	187.309
622.522	203.462
634.484	220.993
646.428	219.133
658.359	211.953
670.273	214.454
682.172	215.431
694.056	208.892
705.924	223.088
717.776	229.454
729.613	247.713
741.434	244.005
753.238	248.67
765.028	252.636
776.803	260.81
788.562	263.209
800.306	246.079
812.035	260.359
823.747	263.541
835.445	272.643
847.128	278.981
858.794	276.364
870.446	283.116
882.084	299.605
893.706	294.706
905.312	322.014
916.904	323.56
928.481	353.121
940.041	393.411
951.588	410.642
963.119	410.649
974.636	430.372
986.137	433.847
997.624	434.746
1009.1	449.937
1020.55	466.619
1031.99	482.495
1043.42	515.73
1054.83	538.302
1066.23	550.018
1077.61	556.906
1088.98	592.286
1100.34	621.622
1111.67	626.629
1123	678.041
1134.31	705.459
1145.6	735.538
1156.88	771.279
1168.15	798.005
1179.4	824.847
1190.64	851.069
1201.86	892.608
1213.07	954.441
1224.26	1047.03
1235.44	1155.49
1246.61	1290.09
1257.76	1462.12
1268.9	1643.42
1280.02	1917.07
1291.13	2223.52
1302.22	2635.31
1313.3	3148.95
1324.37	3792.26
1335.42	4430.57
1346.46	4857.44
1357.48	4794.09
1368.49	4292.18
1379.48	3617.44
1390.46	3120.61
1401.43	2637.94
1412.38	2339.17
1423.33	2098.76
1434.25	1884.03
1445.16	1761.18
1456.06	1730.64
1466.94	1704.19
1477.81	1728.67
1488.67	1753.17
1499.51	1762.35
1510.34	1803.11
1521.16	1900.07
1531.96	2028.86
1542.75	2290.98
1553.52	2633.37
1564.28	3032.27
1575.03	3516.69
1585.76	3938.54
1596.48	4130.18
1607.18	3934.07
1617.88	3535.68
1628.56	2627.6
1639.22	1648.98
1649.88	1158.84
1660.51	954.968
1671.14	874.937
1681.75	826.249
1692.35	788.009
1702.94	768.186
1713.51	761.56
1724.07	748.505
1734.61	767.669
1745.15	752.773
1755.67	755.962
1766.17	753.133
1776.67	735.153
1787.14	710.287
1797.61	704.895
1808.07	672.197
1818.51	681.415
1828.93	672.188
1839.35	659.362
1849.75	674.235
1860.14	662.752
1870.52	658.39
1880.88	677.389
1891.23	670.689
1901.57	668.463
1911.89	673.17
1922.2	668.117
1932.5	665.679
1942.78	661.318
1953.06	661.491
1963.32	660.51
1973.57	668.802
1983.8	672.766
1994.02	657.076
2004.23	674.994
2014.43	680.362
2024.61	694.755
2034.79	701.675
2044.95	698.048
2055.09	697.339
2065.22	691.746
2075.35	692.149
2085.45	701.012
2095.55	697.454
2105.64	693.56
2115.71	691.451
2125.77	701.634
2135.81	691.288
2145.85	693.607
2155.87	686.306
2165.88	694.872
2175.88	705.386
2185.86	704.293
2195.84	713.569
2205.8	727.782
2215.75	743.103
2225.68	752.789
2235.61	756.205
2245.52	766.067
2255.42	773.556
2265.31	782.801
2275.18	784.452
2285.05	778.84
2294.9	778.605
2304.74	802.947
2314.57	815.067
2324.38	836.168
2334.19	854.251
2343.98	860.439
2353.76	881.065
2363.52	902.244
2373.28	924.048
2383.02	940.982
2392.76	933.117
2402.48	952.137
2412.19	964.58
2421.88	969.166
2431.57	1003.43
2441.24	1001.31
2450.9	1033.21
2460.55	1056.06
2470.19	1062.68
2479.82	1084.82
2489.43	1134.86
2499.04	1136.5
2508.63	1172.77
2518.21	1178.5
2527.78	1209.77
2537.33	1221.55
2546.88	1246.31
2556.41	1289.03
2565.93	1308.93
2575.45	1353.65
2584.94	1420.49
2594.43	1437.39
2603.91	1500.83
2613.37	1563.29
2622.83	1599.52
2632.27	1663.43
2641.7	1725.36
2651.12	1767.64
2660.53	1834.23
2669.93	1885.88
2679.31	1922.97
2688.69	1946.58
2698.05	1994.69
2707.4	1981.26
2716.74	1997.26
2726.07	1968.46
2735.39	1942.02
2744.7	1900.63
2753.99	1871.03
2763.28	1840.3
2772.55	1829.62
2781.82	1823.93
2791.07	1804.05
2800.31	1808.22
2809.54	1808.79
2818.76	1821.32
2827.97	1827.11
2837.17	1885.99
2846.35	1908.98
2855.53	1958.23
2864.69	2009.17
2873.84	2071.27
2882.99	2122.38
2892.12	2188.8
2901.24	2246.69
2910.35	2286.07
2919.45	2326.19
2928.54	2364.96
2937.61	2375.13
2946.68	2340.76
2955.74	2335.51
2964.78	2292.54
2973.82	2244.98
2982.84	2189.97
2991.85	2124.27
3000.86	2089.83
3009.85	2049.11
3018.83	2003.37
3027.8	1985.21
3036.76	1950.57
3045.71	1924.08
3054.65	1916.95
3063.58	1899.64
3072.5	1876.65
3081.41	1854.19
3090.3	1879.83
3099.19	1896.04
3108.07	1900.58
3116.93	1927.66
3125.79	1960.69
3134.63	1998.44
3143.47	2056.07
3152.29	2082.73
3161.11	2148.18
3169.91	2184.43
3178.7	2175.77
3187.49	2213.92
3196.26	2208.91
3205.02	2210.87
3213.77	2197.05
3222.52	2183.47
3231.25	2151.75
3239.97	2132.24
3248.68	2113.05
3257.38	2123.14
3266.07	2128.62
3274.75	2132.6
3283.43	2137.09
3292.09	2168.72
3300.74	2197.87
3309.38	2235.62
3318.01	2254.94
3326.63	2264.89
3335.24	2290.91
3343.84	2312.94
3352.43	2307.28
3361.01	2326.85
3369.58	2361.48
3378.14	2355.39
3386.69	2395.06
3395.23	2407.67
3403.77	2446.1
3412.29	2496.22
3420.8	2516.62
3429.3	2576.75
3437.79	2597.4
3446.27	2636.4
3454.74	2655.38
3463.21	2676.47
3471.66	2683.38
3480.1	2706.86
3488.54	2712.2
3496.96	2713.87
