404.484	-81.7004
416.735	-84.2195
428.969	-93.3334
441.186	-76.9841
453.388	-73.0781
465.573	-77.844
477.743	-79.052
489.894	-78.7997
502.032	-82.3006
514.153	-23.4587
526.258	-22.7532
538.347	-67.3704
550.418	-70.4518
562.475	-70.9987
574.516	-73.2746
586.542	-70.5052
598.551	-60.0486
610.544	-58.3574
622.522	-53.538
634.484	-49.1183
646.428	-42.9778
658.359	-51.7139
670.273	-51.9906
682.172	-44.7913
694.056	-51.4418
705.924	-44.912
717.776	-29.9903
729.613	-34.2871
741.434	-20.5503
753.238	-22.7742
765.028	-23.031
776.803	-21.5234
788.562	-17.7913
800.306	-24.0324
812.035	-32.0851
823.747	-23.1254
835.445	-22.4679
847.128	-10.5741
858.794	-7.8586
870.446	-4.66147
882.084	-7.06146
893.706	1.59522
905.312	11.9024
916.904	13.8935
928.481	26.1209
940.041	40.6337
951.588	44.0869
963.119	55.3158
974.636	53.7053
986.137	56.5132
997.624	71.5243
1009.1	84.6035
1020.55	91.841
1031.99	109.162
1043.42	117.73
1054.83	136.747
1066.23	145.796
1077.61	163.128
1088.98	164.73
1100.34	184.622
1111.67	205.518
1123	225.93
1134.31	238.348
1145.6	252.649
1156.88	286.946
1168.15	297.005
1179.4	299.624
1190.64	320.514
1201.86	349.608
1213.07	378.663
1224.26	429.359
1235.44	481.153
1246.61	562.316
1257.76	662.563
1268.9	774.641
1280.02	931.519
1291.13	1120.97
1302.22	1385.64
1313.3	1718.29
1324.37	2131.48
1335.42	2566.79
1346.46	2852.21
1357.48	2794.76
1368.49	2379.74
1379.48	1904.1
1390.46	1553.05
1401.43	1291.5
1412.38	1099.39
1423.33	933.423
1434.25	836.362
1445.16	763.958
1456.06	739.08
1466.94	723.518
1477.81	738.339
1488.67	744.058
1499.51	773.24
1510.34	808.337
1521.16	842.068
1531.96	905.859
1542.75	1022.76
1553.52	1211.93
1564.28	1455.38
1575.03	1772.58
1585.76	2109.65
1596.48	2193.41
1607.18	2056.4
1617.88	1842.8
1628.56	1347.49
1639.22	730.869
1649.88	455.836
1660.51	346.412
1671.14	301.715
1681.75	259.916
1692.35	246.786
1702.94	237.186
1713.51	227.116
1724.07	214.95
1734.61	221.225
1745.15	221.217
1755.67	225.629
1766.17	216.8
1776.67	212.708
1787.14	197.287
1797.61	179.229
1808.07	180.086
1818.51	170.193
1828.93	166.743
1839.35	156.473
1849.75	171.569
1860.14	154.307
1870.52	169.723
1880.88	166.055
1891.23	174.467
1901.57	162.908
1911.89	167.726
1922.2	168.34
1932.5	168.79
1942.78	165.985
1953.06	166.047
1963.32	162.621
1973.57	166.358
1983.8	162.099
1994.02	169.965
2004.23	175.105
2014.43	170.807
2024.61	184.422
2034.79	178.675
2044.95	178.826
2055.09	186.339
2065.22	184.858
2075.35	179.149
2085.45	181.123
2095.55	194.898
2105.64	179.782
2115.71	179.451
2125.77	169.301
2135.81	183.511
2145.85	176.163
2155.87	183.083
2165.88	179.316
2175.88	190.386
2185.86	194.515
2195.84	197.791
2205.8	217.782
2215.75	205.103
2225.68	219.9
2235.61	212.427
2245.52	223.956
2255.42	226.445
2265.31	229.801
2275.18	230.007
2285.05	238.507
2294.9	241.049
2304.74	237.058
2314.57	254.733
2324.38	263.724
2334.19	270.584
2343.98	280.772
2353.76	285.398
2363.52	304.688
2373.28	301.048
2383.02	324.871
2392.76	321.339
2402.48	330.915
2412.19	336.469
2421.88	334.054
2431.57	341.432
2441.24	354.417
2450.9	369.879
2460.55	387.618
2470.19	387.904
2479.82	396.039
2489.43	417.528
2499.04	423.275
2508.63	441.885
2518.21	444.719
2527.78	459.881
2537.33	473.107
2546.88	487.42
2556.41	520.03
2565.93	525.711
2575.45	542.542
2584.94	574.266
2594.43	599.614
2603.91	614.275
2613.37	664.512
2622.83	690.294
2632.27	731.322
2641.7	752.802
2651.12	790.637
2660.53	808.338
2669.93	837.883
2679.31	857.743
2688.69	887.353
2698.05	895.914
2707.4	889.039
2716.74	880.146
2726.07	851.239
2735.39	839.578
2744.7	829.297
2753.99	802.915
2763.28	791.628
2772.55	764.4
2781.82	758.817
2791.07	767.831
2800.31	745.772
2809.54	749.789
2818.76	768.54
2827.97	777.558
2837.17	803.435
2846.35	816.538
2855.53	840.56
2864.69	871.061
2873.84	898.938
2882.99	941.716
2892.12	968.576
2901.24	1011.02
2910.35	1020.74
2919.45	1048.19
2928.54	1058.96
2937.61	1071.91
2946.68	1070.98
2955.74	1034.51
2964.78	1031.99
2973.82	987.315
2982.84	950.523
2991.85	935.378
3000.86	903.498
3009.85	872.447
3018.83	857.48
3027.8	837.764
3036.76	824.24
3045.71	803.084
3054.65	782.169
3063.58	775.083
3072.5	785.984
3081.41	777.964
3090.3	785.388
3099.19	791.598
3108.07	801.807
3116.93	822.216
3125.79	828.582
3134.63	848.445
3143.47	869.843
3152.29	901.726
3161.11	904.509
3169.91	933.321
3178.7	937.325
3187.49	957.473
3196.26	963.69
3205.02	955.43
3213.77	973.053
3222.52	943.363
3231.25	958.412
3239.97	928.347
3248.68	920.165
3257.38	913.25
3266.07	920.175
3274.75	919.931
3283.43	923.755
3292.09	934.387
3300.74	940.537
3309.38	949.512
3318.01	972.269
3326.63	980.333
3335.24	985.803
3343.84	998.27
3352.43	997.507
3361.01	1004.74
3369.58	1023.26
3378.14	1036.62
3386.69	1047.17
3395.23	1058.01
3403.77	1070.77
3412.29	1095.77
3420.8	1096.95
3429.3	1123.53
3437.79	1137.06
3446.27	1158.4
3454.74	1173.04
3463.21	1191.25
3471.66	1197.49
3480.1	1201.75
3488.54	1208.09
3496.96	1210.87
